%YAML 1.1
--- !Scene &1
name: ""
guid: {a: 7875085725817850609, b: 329766013828765107}
editSceneGuid: {a: 0, b: 0}
calibrateVer: V5
entities:
  - __class: Entity
    name: Camera
    guid: {a: 10180214583793075010, b: 13085474825770890632}
    scene: {localId: 1}
    selfvisible: true
    components:
      - {localId: 2}
      - __class: Camera
        name: ""
        guid: {a: 18393534764065644695, b: 16547619468206596491}
        enabled: true
        layerVisibleMask: {__class: DynamicBitset, numBits: 64, values: [1, 0]}
        renderOrder: 0
        type:
          __class: CameraType
          value: PERSPECTIVE
        clearColor: {r: 0, g: 0, b: 0, a: 1}
        clearType:
          __class: CameraClearType
          value: DEPTH
        alwaysClear: true
        viewport: {x: 0, y: 0, w: 1, h: 1}
        fovy: 60
        orthoScale: 1
        zNear: 0.1000000014901161
        zFar: 1000
        renderTexture: {localId: 1, path: 00000000-0000-0000-0000-000000000009}
        isRootCamera: false
    layer: 0
  - __class: Entity
    name: General
    guid: {a: 8235238043598186243, b: 16840308208679013795}
    scene: {localId: 1}
    selfvisible: true
    components:
      - {localId: 3}
      - __class: EffectNode
        name: ""
        guid: {a: 14792803682663561050, b: 6161520050080348315}
        enabled: true
        outputTextures:
          - {localId: 1, path: 00000000-0000-0000-0000-000000000009}
        renderOrder: 8001
        minorOrder: 0
        type:
          __class: EffectNodeTag
          value: Other
        version: 2
        rendererType:
          __class: RendererType
          value: OpenGLES30
    layer: 0
  - __class: Entity
    name: Directional Light
    guid: {a: 815069582473778930, b: 3860102513852982437}
    scene: {localId: 1}
    selfvisible: true
    components:
      - {localId: 4}
      - __class: DirectionalLight
        name: ""
        guid: {a: 8739102965005804130, b: 6461487404246441657}
        enabled: true
        color: {x: 1, y: 1, z: 1}
        intensiy: 1
        shadowEnable: false
        shadowEnableNew: false
        shadowResolution: {x: 256, y: 256}
        shadowBias: 0
        shadowStrength: 1
        useSoftShadow: false
        shadowSoftness: 1
        blurRadius: 1.299999952316284
        blurNum: 0
        selfShadowGradient: 0
        shadowColor: {x: 0, y: 0, z: 0}
        InitStrength: 0.300000011920929
        EsmC: 0.03500000014901161
        lightingLayers: {__class: DynamicBitset, numBits: 64, values: [1, 0]}
        renderMode:
          __class: LightRenderMode
          value: AUTO
        shadowArea: 100
        autoShadowFrustum: true
        shadowFrustumZNear: 1
        shadowFrustumZFar: 100
        cookieSize: 1
        softShadowType:
          __class: SoftShadowType
          value: PCF
        EVSMExponents: {x: 4, y: 4}
        contactShadowEnable: false
        lightUnit:
          __class: LightUnit
          value: Lux
    layer: 0
  - __class: Entity
    name: Environment Light
    guid: {a: 11406181728386468509, b: 5972158861532600762}
    scene: {localId: 1}
    selfvisible: true
    components:
      - {localId: 5}
      - __class: Envmap
        name: ""
        guid: {a: 16737500510660696093, b: 7610174286501797273}
        enabled: true
        envmapLayers: {__class: DynamicBitset, numBits: 64, values: [1, 0]}
        specularEnvmap: {localId: 1, path: 00000000-0000-0000-0000-000000000800--00000000-0000-0000-0000-000000000800.texture}
        IBLMode: true
        intensity: 1
        rotation: 0
    layer: 0
  - __class: Entity
    name: SkeletonAndRenderRoot
    guid: {a: 4649041387221305887, b: 3190733352650544543}
    scene: {localId: 1}
    selfvisible: true
    components:
      - {localId: 7}
    layer: 0
  - __class: Entity
    name: Sketchfab_model
    guid: {a: 5525450373168460726, b: 17075823040615435182}
    scene: {localId: 1}
    selfvisible: true
    components:
      - {localId: 8}
    layer: 0
  - __class: Entity
    name: root
    guid: {a: 5056504135092670125, b: 14220934425723186071}
    scene: {localId: 1}
    selfvisible: true
    components:
      - {localId: 9}
    layer: 0
  - __class: Entity
    name: GLTF_SceneRootNode
    guid: {a: 4654836318447416615, b: 14753639078741273747}
    scene: {localId: 1}
    selfvisible: true
    components:
      - {localId: 10}
    layer: 0
  - __class: Entity
    name: Icosphere_0
    guid: {a: 5479095355078001382, b: 9859863211559722936}
    scene: {localId: 1}
    selfvisible: true
    components:
      - {localId: 11}
    layer: 0
  - __class: Entity
    name: Object_4
    guid: {a: 5621143962391049525, b: 13200996936449512610}
    scene: {localId: 1}
    selfvisible: true
    components:
      - {localId: 12}
      - __class: MeshRenderer
        name: mesh0_renderer
        guid: {a: 5572799133479745946, b: 18118527387967766198}
        enabled: true
        sharedMaterials:
          - {localId: 1, path: 2438fcd5-a2b7-a7fb-2903-2651cc42c2d0--2438fcd5-a2b7-a7fb-2903-2651cc42c2d0.material}
        sortingOrder: 5
        autoSortingOrder: true
        useFrustumCulling: true
        receiveShadow: true
        lightProbeBlendMode:
          __class: LightProbeBlendMode
          value: OFF
        entirePingPong: false
        mesh: {localId: 1, path: 6fb152f2-2103-1716-d880-e61189c3ed0e--Object_4.mesh}
        castShadow: false
    layer: 0
  - __class: Entity
    name: Object_5
    guid: {a: 4892387945979995009, b: 7003458582617760388}
    scene: {localId: 1}
    selfvisible: true
    components:
      - {localId: 13}
      - __class: MeshRenderer
        name: mesh1_renderer
        guid: {a: 4698532546254904049, b: 7510827121443229837}
        enabled: true
        sharedMaterials:
          - {localId: 1, path: 39a0f4fc-2eae-8c48-c1b6-5bfbfabe2b1b--39a0f4fc-2eae-8c48-c1b6-5bfbfabe2b1b.material}
        sortingOrder: 6
        autoSortingOrder: true
        useFrustumCulling: true
        receiveShadow: true
        lightProbeBlendMode:
          __class: LightProbeBlendMode
          value: OFF
        entirePingPong: false
        mesh: {localId: 1, path: 6fb152f2-2103-1716-d880-e61189c3ed0e--Object_5.mesh}
        castShadow: false
    layer: 0
  - __class: Entity
    name: Ball
    guid: {a: 5614072874933678478, b: 12586930826342582677}
    scene: {localId: 1}
    selfvisible: true
    components:
      - {localId: 6}
    layer: 0
  - __class: Entity
    name: SkeletonAndRenderRoot
    guid: {a: 5492695248390297311, b: 9838082983735560355}
    scene: {localId: 1}
    selfvisible: true
    components:
      - {localId: 15}
    layer: 0
  - __class: Entity
    name: Sketchfab_model
    guid: {a: 5149527685527527167, b: 10178619130411262647}
    scene: {localId: 1}
    selfvisible: true
    components:
      - {localId: 16}
    layer: 0
  - __class: Entity
    name: big-football-goal.obj.cleaner.materialmerger.gles
    guid: {a: 5423719127313345381, b: 17177509255219140007}
    scene: {localId: 1}
    selfvisible: true
    components:
      - {localId: 17}
    layer: 0
  - __class: Entity
    name: Object_2
    guid: {a: 4734551071947559957, b: 14099338984977501073}
    scene: {localId: 1}
    selfvisible: true
    components:
      - {localId: 18}
      - __class: MeshRenderer
        name: mesh0_renderer
        guid: {a: 5203474957378399426, b: 7300574052586540981}
        enabled: true
        sharedMaterials:
          - {localId: 1, path: b756b8d4-0fd0-47dc-cbca-267858b1d58d--b756b8d4-0fd0-47dc-cbca-267858b1d58d.material}
        sortingOrder: 7
        autoSortingOrder: true
        useFrustumCulling: true
        receiveShadow: true
        lightProbeBlendMode:
          __class: LightProbeBlendMode
          value: OFF
        entirePingPong: false
        mesh: {localId: 1, path: 35fa8ebd-5b2d-f845-268c-92f2a86cd5ef--Object_2.mesh}
        castShadow: false
    layer: 0
  - __class: Entity
    name: Object_3
    guid: {a: 5006968207922206184, b: 18251946601066026371}
    scene: {localId: 1}
    selfvisible: true
    components:
      - {localId: 19}
      - __class: MeshRenderer
        name: mesh1_renderer
        guid: {a: 5227168243620661761, b: 16342038313502295707}
        enabled: true
        sharedMaterials:
          - {localId: 1, path: 006c5402-6f6c-ffa5-9bfb-151ce2d812ab--006c5402-6f6c-ffa5-9bfb-151ce2d812ab.material}
        sortingOrder: 8
        autoSortingOrder: true
        useFrustumCulling: true
        receiveShadow: true
        lightProbeBlendMode:
          __class: LightProbeBlendMode
          value: OFF
        entirePingPong: false
        mesh: {localId: 1, path: 35fa8ebd-5b2d-f845-268c-92f2a86cd5ef--Object_3.mesh}
        castShadow: false
    layer: 0
  - __class: Entity
    name: Goal
    guid: {a: 5525210180388014861, b: 15727404568636958644}
    scene: {localId: 1}
    selfvisible: true
    components:
      - {localId: 14}
    layer: 0
  - __class: Entity
    name: SkeletonAndRenderRoot
    guid: {a: 5233605604787983061, b: 1950594400544807840}
    scene: {localId: 1}
    selfvisible: true
    components:
      - {localId: 21}
      - __class: Animator
        name: ""
        guid: {a: 5364452811455394590, b: 13051465955836765358}
        enabled: true
        animations:
          - {localId: 1, path: c3b99d0a-6431-c535-b30b-5231da0b8475--Animaz-1_mixamo.com.animaz}
        runningWrapModes:
          __class: Map
          Animaz-1_mixamo.com: 0
        cullingMode:
          __class: AnimatorCullingMode
          value: CULL_UPDATE_PROPERTY
    layer: 0
  - __class: Entity
    name: default
    guid: {a: 4866215425055487804, b: 669219542187403941}
    scene: {localId: 1}
    selfvisible: true
    components:
      - {localId: 22}
      - __class: SkinMeshRenderer
        name: mesh0_renderer
        guid: {a: 5687365228504126135, b: 17190048746833017260}
        enabled: true
        sharedMaterials:
          - {localId: 1, path: e9a26fe5-ef0d-1682-70d1-634d872aff0b--e9a26fe5-ef0d-1682-70d1-634d872aff0b-skin.material}
        sortingOrder: 10
        autoSortingOrder: true
        useFrustumCulling: true
        receiveShadow: true
        lightProbeBlendMode:
          __class: LightProbeBlendMode
          value: OFF
        entirePingPong: false
        mesh: {localId: 1, path: c3b99d0a-6431-c535-b30b-5231da0b8475--default.mesh}
        gpuTextureSkinning: false
        useCoarseMesh: false
        castShadow: false
        skin:
          __class: Skin
          name: ""
          guid: {a: 4948628166358396578, b: 11809755107114556846}
          skelRootName: ""
          joints:
            - __class: Joint
              name: mixamorig_Hips
              guid: {a: 5515573636484683192, b: 11524506846406267537}
              invBindPosMatrix: {__class: Matrix4x4f, values: [1, 0, 0, 0, 0, 1, -1e-15, 0, 0, 1e-15, 1, 0, -0.004210472, -2.891672, 0.3218369, 1]}
              boundingBox: {min: {x: -1.753922, y: 0, z: -4.199058}, max: {x: 1.761479, y: 4.116596, z: 1.1486}}
              jointTransform: {localId: 23}
            - __class: Joint
              name: mixamorig_LeftUpLeg
              guid: {a: 5684866289805055924, b: 4997487823691165090}
              invBindPosMatrix: {__class: Matrix4x4f, values: [-0.9999948, -0.003231741, -2.754854e-12, 0, 0.003231515, -0.999925, 0.01181581, 0, -3.818564e-05, 0.01181575, 0.9999302, 0, 1.020671, 2.594577, 0.2550111, 1]}
              boundingBox: {min: {x: -0.682656, y: 0, z: -2.730354}, max: {x: 1.761479, y: 2.951698, z: 1.032408}}
              jointTransform: {localId: 70}
            - __class: Joint
              name: mixamorig_RightUpLeg
              guid: {a: 4619965495960185093, b: 12756974648327886722}
              invBindPosMatrix: {__class: Matrix4x4f, values: [-0.9999948, 0.003227491, 3.716978e-12, 0, -0.003223022, -0.9986101, -0.05260668, 0, -0.0001697876, -0.05260641, 0.9986153, 0, -1.012357, 2.564941, 0.5694731, 1]}
              boundingBox: {min: {x: -1.753922, y: 0, z: -4.802384}, max: {x: 1.428771, y: 3.139716, z: 1.029762}}
              jointTransform: {localId: 75}
            - __class: Joint
              name: mixamorig_LeftFoot
              guid: {a: 5166922134627871358, b: 14625506160482877341}
              invBindPosMatrix: {__class: Matrix4x4f, values: [-0.9805335, -0.1944875, 0.02699528, 0, 0.1338272, -0.5613493, 0.8166867, 0, -0.1436815, 0.8044013, 0.5764495, 0, 0.7774557, 0.9417607, -0.336831, 1]}
              boundingBox: {min: {x: 0, y: -0.031578, z: -1.167219}, max: {x: 1.689233, y: 1.752182, z: 1.126868}}
              jointTransform: {localId: 72}
            - __class: Joint
              name: mixamorig_LeftToeBase
              guid: {a: 5369460222424045152, b: 15952689852188479106}
              invBindPosMatrix: {__class: Matrix4x4f, values: [-0.9706774, -0.09315906, 0.2216004, 0, 0.2282535, -0.06802675, 0.9712223, 0, -0.07540341, 0.9933246, 0.08729591, 0, 0.7328175, -0.4766239, -0.2085303, 1]}
              boundingBox: {min: {x: 0, y: -0.031578, z: -1.167219}, max: {x: 1.631189, y: 1.518425, z: 1.126868}}
              jointTransform: {localId: 73}
            - __class: Joint
              name: mixamorig_LeftLeg
              guid: {a: 4649727574842697176, b: 5344203883528716216}
              invBindPosMatrix: {__class: Matrix4x4f, values: [-0.995067, -0.09590881, -0.02536122, 0, 0.09919837, -0.9649554, -0.2429417, 0, -0.001172191, -0.2442591, 0.9697093, 0, 0.8799276, 1.393252, 0.6321946, 1]}
              boundingBox: {min: {x: 0, y: -0.031329, z: -1.167219}, max: {x: 1.545201, y: 1.518425, z: 1}}
              jointTransform: {localId: 71}
            - __class: Joint
              name: mixamorig_LeftHandIndex1
              guid: {a: 5082671845216130311, b: 15119109730817457064}
              invBindPosMatrix: {__class: Matrix4x4f, values: [0.08243855, 0.9908215, 0.1071288, 0, 0.03466147, 0.1045791, -0.9939124, 0, -0.9959932, 0.08564994, -0.02572198, 0, -0.637299, -4.655124, 4.876799, 1]}
              boundingBox: {min: {x: 0, y: 0, z: -0.745963}, max: {x: 4.679095, y: 5.815258, z: 1}}
              jointTransform: {localId: 38}
            - __class: Joint
              name: mixamorig_LeftHandIndex2
              guid: {a: 5526048232392357679, b: 3575624323882407094}
              invBindPosMatrix: {__class: Matrix4x4f, values: [0.08243855, 0.9897792, -0.1163663, 0, 0.03466147, -0.1195407, -0.992224, 0, -0.9959932, 0.07776409, -0.04416196, 0, -0.615185, -3.647034, 5.83629, 1]}
              boundingBox: {min: {x: 0, y: 0, z: -0.255409}, max: {x: 4.781665, y: 5.646076, z: 1}}
              jointTransform: {localId: 39}
            - __class: Joint
              name: mixamorig_LeftHand
              guid: {a: 5252281868982134225, b: 1545937423460579260}
              invBindPosMatrix: {__class: Matrix4x4f, values: [-0.3000115, 0.9538192, -0.01490496, 0, 0.03882215, -0.003403729, -0.9992403, 0, -0.9531453, -0.3003623, -0.03600815, 0, 0.6106253, -3.545975, 5.430377, 1]}
              boundingBox: {min: {x: 0, y: 0, z: -1.01285}, max: {x: 4.389964, y: 5.862958, z: 1}}
              jointTransform: {localId: 33}
            - __class: Joint
              name: mixamorig_LeftHandIndex3
              guid: {a: 4804526540238057433, b: 18106732953090672050}
              invBindPosMatrix: {__class: Matrix4x4f, values: [0.08243855, 0.9328581, -0.3506845, 0, 0.03466147, -0.3543532, -0.934469, 0, -0.9959932, 0.06488103, -0.0615466, 0, -0.6254724, -2.379088, 6.600916, 1]}
              boundingBox: {min: {x: 0, y: 0, z: -0.183652}, max: {x: 4.781665, y: 5.509151, z: 1}}
              jointTransform: {localId: 40}
            - __class: Joint
              name: mixamorig_Spine1
              guid: {a: 4846050857456167076, b: 16310550308204273807}
              invBindPosMatrix: {__class: Matrix4x4f, values: [1, 0, 0, 0, 0, 0.9999965, -0.002646365, 0, 0, 0.002646365, 0.9999965, 0, -0.004210472, -4.072996, 0.3294882, 1]}
              boundingBox: {min: {x: -1.131865, y: 0, z: -1.318975}, max: {x: 1.140287, y: 4.651633, z: 1.047862}}
              jointTransform: {localId: 25}
            - __class: Joint
              name: mixamorig_Spine2
              guid: {a: 4714632796545007998, b: 5566444488210807192}
              invBindPosMatrix: {__class: Matrix4x4f, values: [1, 0, 0, 0, 0, 0.9999965, -0.002646365, 0, 0, 0.002646365, 0.9999965, 0, -0.004210472, -4.800496, 0.3294882, 1]}
              boundingBox: {min: {x: -2.399577, y: 0, z: -1.897095}, max: {x: 2.407798, y: 7.077518, z: 1.751996}}
              jointTransform: {localId: 26}
            - __class: Joint
              name: mixamorig_Spine
              guid: {a: 4796318554052575142, b: 10213746147533636768}
              invBindPosMatrix: {__class: Matrix4x4f, values: [1, 0, 0, 0, 0, 0.9999965, -0.002646368, 0, 0, 0.002646368, 0.9999965, 0, -0.004210472, -3.436434, 0.3294882, 1]}
              boundingBox: {min: {x: -1.310912, y: 0, z: -1.318975}, max: {x: 1.319334, y: 4.585385, z: 1.1486}}
              jointTransform: {localId: 24}
            - __class: Joint
              name: mixamorig_RightLeg
              guid: {a: 4931436553704386813, b: 13153407641546073523}
              invBindPosMatrix: {__class: Matrix4x4f, values: [-0.9855922, 0.08442344, -0.1465632, 0, 0.005719682, -0.8493925, -0.5277306, 0, -0.1690426, -0.5209655, 0.8366717, 0, -1.094079, 1.025733, 1.010398, 1]}
              boundingBox: {min: {x: -1.539601, y: 0, z: -1.70779}, max: {x: 1, y: 1.674249, z: 1}}
              jointTransform: {localId: 76}
            - __class: Joint
              name: mixamorig_RightFoot
              guid: {a: 4938125076748231752, b: 18169806233211712407}
              invBindPosMatrix: {__class: Matrix4x4f, values: [-0.9764063, 0.207689, -0.05912639, 0, -0.1748069, -0.599452, 0.7810889, 0, 0.1267802, 0.7729958, 0.6216142, 0, -0.6833531, 1.33641, -0.02309507, 1]}
              boundingBox: {min: {x: -1.682639, y: -0.183848, z: -1.70779}, max: {x: 1, y: 1.929381, z: 1}}
              jointTransform: {localId: 77}
            - __class: Joint
              name: mixamorig_RightToeBase
              guid: {a: 5102167588428934670, b: 6741918475054707092}
              invBindPosMatrix: {__class: Matrix4x4f, values: [-0.9698166, 0.1022251, -0.2213723, 0, -0.2293893, -0.07464686, 0.9704682, 0, 0.08268145, 0.9919566, 0.09584311, 0, -0.6800291, 0.105427, -0.1555541, 1]}
              boundingBox: {min: {x: -1.628047, y: -0.183848, z: -1.70779}, max: {x: 1, y: 1.564575, z: 1}}
              jointTransform: {localId: 78}
            - __class: Joint
              name: mixamorig_Head
              guid: {a: 5495080569744517122, b: 14220112793658528176}
              invBindPosMatrix: {__class: Matrix4x4f, values: [1, 0, 0, 0, 0, 1, -1e-15, 0, 0, 1e-15, 1, 0, -0.004210472, -6.592535, 0.4532872, 1]}
              boundingBox: {min: {x: -3.507339, y: 0, z: -3.217352}, max: {x: 3.510008, y: 10.80162, z: 2.386461}}
              jointTransform: {localId: 28}
            - __class: Joint
              name: mixamorig_Neck
              guid: {a: 5099106624845800741, b: 12869538539077158301}
              invBindPosMatrix: {__class: Matrix4x4f, values: [1, 0, 0, 0, 0, 1, -1e-15, 0, 0, 1e-15, 1, 0, -0.004210472, -5.619784, 0.3146173, 1]}
              boundingBox: {min: {x: -2.731657, y: 0, z: -2.511966}, max: {x: 2.733372, y: 8.113301, z: 2.386461}}
              jointTransform: {localId: 27}
            - __class: Joint
              name: mixamorig_LeftShoulder
              guid: {a: 5388530960959977095, b: 13548007985102581384}
              invBindPosMatrix: {__class: Matrix4x4f, values: [0.04721725, 0.9497726, -0.3093583, 0, 0.002670136, -0.3098227, -0.9507906, 0, -0.9988811, 0.04406768, -0.017165, 0, -0.3294478, 1.33797, 5.338246, 1]}
              boundingBox: {min: {x: 0, y: 0, z: -1.071565}, max: {x: 2.407798, y: 6.502376, z: 1.169449}}
              jointTransform: {localId: 30}
            - __class: Joint
              name: mixamorig_RightShoulder
              guid: {a: 5535415651218537252, b: 14494314304163249312}
              invBindPosMatrix: {__class: Matrix4x4f, values: [0.0487953, -0.9497086, 0.3093099, 0, -0.002670742, -0.3098018, -0.9507974, 0, 0.9988052, 0.04556835, -0.0176533, 0, 0.3290224, 1.346294, 5.335526, 1]}
              boundingBox: {min: {x: -2.399577, y: 0, z: -0.926242}, max: {x: 1, y: 6.502376, z: 1.278299}}
              jointTransform: {localId: 50}
            - __class: Joint
              name: mixamorig_RightArm
              guid: {a: 5485881120739362563, b: 15093614829559777983}
              invBindPosMatrix: {__class: Matrix4x4f, values: [-0.1022507, -0.9747745, -0.1983921, 0, 0.4443611, 0.1336752, -0.8858184, 0, 0.8899933, -0.1787333, 0.4194835, 0, -2.216376, -1.888992, 4.512843, 1]}
              boundingBox: {min: {x: -3.702123, y: 0, z: -0.998379}, max: {x: 1, y: 6.502376, z: 1}}
              jointTransform: {localId: 51}
            - __class: Joint
              name: mixamorig_RightForeArm
              guid: {a: 4785929807241946260, b: 6536861625517379472}
              invBindPosMatrix: {__class: Matrix4x4f, values: [0.117329, -0.9916961, 0.05265758, 0, 0.403449, -0.0008525829, -0.9150017, 0, 0.9074485, 0.1286009, 0.3999988, 0, -1.479278, -2.231162, 5.242287, 1]}
              boundingBox: {min: {x: -3.959178, y: 0, z: -1.009129}, max: {x: 1, y: 5.862958, z: 1}}
              jointTransform: {localId: 52}
            - __class: Joint
              name: mixamorig_RightHand
              guid: {a: 5231001354583973656, b: 8168484298202635171}
              invBindPosMatrix: {__class: Matrix4x4f, values: [-0.09099522, -0.9957488, 0.01428945, 0, -0.06739005, -0.008159004, -0.9976934, 0, 0.9935685, -0.0917483, -0.06636114, 0, 0.3263963, -3.60565, 5.410378, 1]}
              boundingBox: {min: {x: -4.597478, y: 0, z: -1.009129}, max: {x: 1, y: 5.862958, z: 1}}
              jointTransform: {localId: 53}
            - __class: Joint
              name: mixamorig_RightHandRing1
              guid: {a: 5078434700957660097, b: 14916296056352302511}
              invBindPosMatrix: {__class: Matrix4x4f, values: [-0.3684751, -0.9097368, 0.1913245, 0, -0.06695136, -0.179302, -0.9815133, 0, 0.9272236, -0.3744727, 0.005160223, 0, -0.6089993, -2.742745, 6.11753, 1]}
              boundingBox: {min: {x: -4.381541, y: 0, z: -1.01285}, max: {x: 1, y: 5.862958, z: 1}}
              jointTransform: {localId: 66}
            - __class: Joint
              name: mixamorig_RightHandThumb1
              guid: {a: 5452077065973210724, b: 12699214581349290937}
              invBindPosMatrix: {__class: Matrix4x4f, values: [0.9533381, -0.2994123, 0.03871347, 0, -0.006422344, -0.1483144, -0.9889194, 0, 0.3018364, 0.9425259, -0.1433167, 0, 3.562034, -0.3117163, 5.42915, 1]}
              boundingBox: {min: {x: -4.077956, y: 0, z: -0.399457}, max: {x: 1, y: 5.815259, z: 1}}
              jointTransform: {localId: 54}
            - __class: Joint
              name: mixamorig_RightHandThumb2
              guid: {a: 5100501791275120097, b: 13469222649300323258}
              invBindPosMatrix: {__class: Matrix4x4f, values: [0.9533381, -0.2852547, 0.09887466, 0, -0.006422344, -0.3465904, -0.9379946, 0, 0.3018364, 0.893591, -0.3322498, 0, 3.53793, 0.5646437, 5.427903, 1]}
              boundingBox: {min: {x: -4.077956, y: 0, z: -0.244164}, max: {x: 1, y: 5.815259, z: 1}}
              jointTransform: {localId: 55}
            - __class: Joint
              name: mixamorig_RightHandThumb3
              guid: {a: 5272625117593951472, b: 7411249850983019966}
              invBindPosMatrix: {__class: Matrix4x4f, values: [0.9533381, -0.2988422, 0.04289305, 0, -0.006422344, -0.162117, -0.9867507, 0, 0.3018364, 0.9404315, -0.1564716, 0, 3.481932, -0.8146371, 5.370945, 1]}
              boundingBox: {min: {x: -4.037433, y: 0, z: 0}, max: {x: 1, y: 5.621699, z: 1}}
              jointTransform: {localId: 56}
            - __class: Joint
              name: mixamorig_RightHandIndex1
              guid: {a: 4847062481471592673, b: 5250013300190047879}
              invBindPosMatrix: {__class: Matrix4x4f, values: [0.0166977, -0.982799, 0.183922, 0, -0.06612056, -0.1846303, -0.9805813, 0, 0.9976719, 0.004212427, -0.06806612, 0, 0.4908003, -3.058983, 6.06116, 1]}
              boundingBox: {min: {x: -4.673017, y: 0, z: -0.638518}, max: {x: 1, y: 5.847051, z: 1}}
              jointTransform: {localId: 58}
            - __class: Joint
              name: mixamorig_RightHandIndex2
              guid: {a: 5577527359920791953, b: 954942007299894951}
              invBindPosMatrix: {__class: Matrix4x4f, values: [0.0166977, -0.9913889, 0.1298819, 0, -0.06612056, -0.1307105, -0.9892132, 0, 0.9976719, 0.00792972, -0.06773375, 0, 0.4899465, -3.634079, 5.871147, 1]}
              boundingBox: {min: {x: -4.773244, y: 0, z: -0.47175}, max: {x: 1, y: 5.815259, z: 1}}
              jointTransform: {localId: 59}
            - __class: Joint
              name: mixamorig_RightHandIndex3
              guid: {a: 5755595454895804333, b: 5936076196083221909}
              invBindPosMatrix: {__class: Matrix4x4f, values: [0.0166977, -0.9552109, 0.2954543, 0, -0.06612056, -0.2959035, -0.9529266, 0, 0.9976719, -0.003623919, -0.06809999, 0, 0.4918378, -2.807612, 6.437815, 1]}
              boundingBox: {min: {x: -4.773244, y: 0, z: -0.183652}, max: {x: 1, y: 5.509151, z: 1}}
              jointTransform: {localId: 60}
            - __class: Joint
              name: mixamorig_LeftHandMiddle1
              guid: {a: 5291781126629065323, b: 15284061746125420471}
              invBindPosMatrix: {__class: Matrix4x4f, values: [0.08019006, 0.9881145, -0.1311462, 0, 0.03470157, -0.1342576, -0.9903387, 0, -0.9961753, 0.07486434, -0.04505525, 0, -1.004122, -3.467515, 5.897103, 1]}
              boundingBox: {min: {x: 0, y: 0, z: -1.009129}, max: {x: 4.682315, y: 5.862958, z: 1}}
              jointTransform: {localId: 42}
            - __class: Joint
              name: mixamorig_LeftForeArm
              guid: {a: 4881654708891946090, b: 8655692327525989765}
              invBindPosMatrix: {__class: Matrix4x4f, values: [0.1202155, 0.9913799, -0.05209719, 0, -0.391706, -0.00085232, -0.9200901, 0, -0.9122032, 0.1310159, 0.388227, 0, 1.410852, -2.23834, 5.261312, 1]}
              boundingBox: {min: {x: 0, y: 0, z: -1.009129}, max: {x: 4.086511, y: 5.862958, z: 1}}
              jointTransform: {localId: 32}
            - __class: Joint
              name: mixamorig_LeftHandThumb1
              guid: {a: 4649648734825577042, b: 273501729300027527}
              invBindPosMatrix: {__class: Matrix4x4f, values: [0.9702899, 0.2361769, -0.05251656, 0, -0.005756966, -0.1944611, -0.9808934, 0, -0.2418768, 0.9520532, -0.1873239, 0, -3.542372, 0.1310558, 5.425115, 1]}
              boundingBox: {min: {x: 0, y: 0, z: -0.745963}, max: {x: 4.086511, y: 5.862958, z: 1}}
              jointTransform: {localId: 34}
            - __class: Joint
              name: mixamorig_LeftHandRing1
              guid: {a: 4769751860362487406, b: 21839002141305023}
              invBindPosMatrix: {__class: Matrix4x4f, values: [-0.02138871, 0.9937924, -0.1091755, 0, 0.03632255, -0.108356, -0.9934484, 0, -0.9991112, -0.02521411, -0.03377948, 0, -0.9378201, -3.694829, 5.804012, 1]}
              boundingBox: {min: {x: 0, y: 0, z: -1.01285}, max: {x: 4.681747, y: 5.862958, z: 1}}
              jointTransform: {localId: 46}
            - __class: Joint
              name: mixamorig_LeftArm
              guid: {a: 5275154858466337444, b: 14465474097803619240}
              invBindPosMatrix: {__class: Matrix4x4f, values: [-0.09944622, 0.9758185, 0.1946505, 0, -0.4323294, 0.1338183, -0.8917309, 0, -0.8962153, -0.1728324, 0.4085672, 0, 2.147662, -1.897982, 4.544487, 1]}
              boundingBox: {min: {x: 0, y: 0, z: -0.99838}, max: {x: 3.710543, y: 6.472419, z: 1}}
              jointTransform: {localId: 31}
            - __class: Joint
              name: mixamorig_LeftHandRing2
              guid: {a: 5258914564364273351, b: 4188770897784049033}
              invBindPosMatrix: {__class: Matrix4x4f, values: [-0.02138871, 0.9891162, -0.1455738, 0, 0.03632255, -0.1447422, -0.9888025, 0, -0.9991112, -0.02643682, -0.03283137, 0, -0.9410531, -3.68302, 5.943182, 1]}
              boundingBox: {min: {x: 0, y: 0, z: -1.01285}, max: {x: 4.781661, y: 5.734615, z: 1}}
              jointTransform: {localId: 47}
            - __class: Joint
              name: mixamorig_LeftHandMiddle2
              guid: {a: 5040122472056104358, b: 13047796910667369352}
              invBindPosMatrix: {__class: Matrix4x4f, values: [0.08019006, 0.9859786, -0.1463411, 0, 0.03470157, -0.1494864, -0.9881546, 0, -0.9961753, 0.07416192, -0.04620233, 0, -1.003106, -3.564987, 5.952685, 1]}
              boundingBox: {min: {x: 0, y: 0, z: -0.661975}, max: {x: 4.781661, y: 5.648755, z: 1}}
              jointTransform: {localId: 43}
            - __class: Joint
              name: mixamorig_LeftHandRing3
              guid: {a: 5180881446079506189, b: 10091186163228559293}
              invBindPosMatrix: {__class: Matrix4x4f, values: [-0.02138871, 0.9880651, -0.152545, 0, 0.03632255, -0.1517112, -0.9877573, 0, -0.9991112, -0.02666768, -0.03264413, 0, -0.9389241, -3.806611, 5.970172, 1]}
              boundingBox: {min: {x: 0, y: 0, z: -0.962058}, max: {x: 4.781661, y: 5.515896, z: 1}}
              jointTransform: {localId: 48}
            - __class: Joint
              name: mixamorig_RightHandRing2
              guid: {a: 4922958763812572939, b: 15178949514380266936}
              invBindPosMatrix: {__class: Matrix4x4f, values: [-0.3684751, -0.9243047, 0.09943342, 0, -0.06695136, -0.0802967, -0.9945199, 0, 0.9272236, -0.3731131, -0.03229611, 0, -0.6036968, -3.78277, 5.768311, 1]}
              boundingBox: {min: {x: -4.77324, y: 0, z: -1.01285}, max: {x: 1, y: 5.780766, z: 1}}
              jointTransform: {localId: 67}
            - __class: Joint
              name: mixamorig_RightHandRing3
              guid: {a: 5401001938536750436, b: 8378453413474630044}
              invBindPosMatrix: {__class: Matrix4x4f, values: [-0.3684751, -0.9293994, 0.02104338, 0, -0.06695136, 0.003952995, -0.9977484, 0, 0.9272236, -0.3690543, -0.06368113, 0, -0.592922, -4.451018, 5.411852, 1]}
              boundingBox: {min: {x: -4.77324, y: 0, z: -1.01285}, max: {x: 1, y: 5.652225, z: 1}}
              jointTransform: {localId: 68}
            - __class: Joint
              name: mixamorig_LeftHandThumb2
              guid: {a: 4650633165371026056, b: 5810446042343458708}
              invBindPosMatrix: {__class: Matrix4x4f, values: [0.9702899, 0.2282581, -0.08022316, 0, -0.005756966, -0.3097003, -0.9508168, 0, -0.2418768, 0.9230298, -0.299185, 0, -3.515044, 0.5132004, 5.402418, 1]}
              boundingBox: {min: {x: 0, y: 0, z: 0}, max: {x: 4.045854, y: 5.699657, z: 1}}
              jointTransform: {localId: 35}
            - __class: Joint
              name: mixamorig_LeftHandThumb3
              guid: {a: 5230894411346720153, b: 16334455723434138770}
              invBindPosMatrix: {__class: Matrix4x4f, values: [0.9702899, 0.2335874, -0.0630433, 0, -0.005756966, -0.2382046, -0.9711979, 0, -0.2418768, 0.9427065, -0.2297828, 0, -3.509585, -0.2231442, 5.400765, 1]}
              boundingBox: {min: {x: 0, y: 0, z: 0}, max: {x: 3.970467, y: 5.621699, z: 1}}
              jointTransform: {localId: 36}
            - __class: Joint
              name: mixamorig_RightHandMiddle1
              guid: {a: 4915328774555715796, b: 4955728183781222059}
              invBindPosMatrix: {__class: Matrix4x4f, values: [0.06556161, -0.9871688, 0.1456002, 0, -0.06529023, -0.1498453, -0.9865513, 0, 0.9957103, 0.05517362, -0.07427658, 0, 1.099489, -3.510477, 5.92649, 1]}
              boundingBox: {min: {x: -4.675349, y: 0, z: -0.638518}, max: {x: 1, y: 5.731192, z: 1}}
              jointTransform: {localId: 62}
            - __class: Joint
              name: mixamorig_RightHandMiddle2
              guid: {a: 5028757953609700254, b: 17253718633524168363}
              invBindPosMatrix: {__class: Matrix4x4f, values: [0.06556161, -0.9818729, 0.1778406, 0, -0.06529023, -0.1820632, -0.9811168, 0, 0.9957103, 0.05271235, -0.07604306, 0, 1.100472, -3.465077, 6.043171, 1]}
              boundingBox: {min: {x: -4.77324, y: 0, z: -0.604064}, max: {x: 1, y: 5.648755, z: 1}}
              jointTransform: {localId: 63}
            - __class: Joint
              name: mixamorig_RightHandMiddle3
              guid: {a: 5281410705995253254, b: 10142182564688875709}
              invBindPosMatrix: {__class: Matrix4x4f, values: [0.06556161, -0.9922286, 0.105755, 0, -0.06529023, -0.1100215, -0.9917825, 0, 0.9957103, 0.05811809, -0.07199602, 0, 1.099635, -4.019756, 5.765348, 1]}
              boundingBox: {min: {x: -4.77324, y: 0, z: -0.604064}, max: {x: 1, y: 5.513393, z: 1}}
              jointTransform: {localId: 64}
            - __class: Joint
              name: mixamorig_LeftHandMiddle3
              guid: {a: 5000006642904341266, b: 524390744239229863}
              invBindPosMatrix: {__class: Matrix4x4f, values: [0.08019006, 0.9914684, -0.1027613, 0, 0.03470157, -0.1058076, -0.9937809, 0, -0.9961753, 0.07612538, -0.04289023, 0, -1.006708, -4.000473, 5.782056, 1]}
              boundingBox: {min: {x: 0, y: 0, z: -0.604064}, max: {x: 4.781661, y: 5.513393, z: 1}}
              jointTransform: {localId: 44}
          positionOnly: false
          useTangent: true
    layer: 0
  - __class: Entity
    name: mixamorig_Hips
    guid: {a: 5265153481927751103, b: 3487649321962499240}
    scene: {localId: 1}
    selfvisible: true
    components:
      - {localId: 23}
    layer: 0
  - __class: Entity
    name: mixamorig_Spine
    guid: {a: 5297768237765219338, b: 17704743036119116957}
    scene: {localId: 1}
    selfvisible: true
    components:
      - {localId: 24}
    layer: 0
  - __class: Entity
    name: mixamorig_Spine1
    guid: {a: 4919985286472857108, b: 8663820972157066430}
    scene: {localId: 1}
    selfvisible: true
    components:
      - {localId: 25}
    layer: 0
  - __class: Entity
    name: mixamorig_Spine2
    guid: {a: 5671788021696161342, b: 9444273975730942909}
    scene: {localId: 1}
    selfvisible: true
    components:
      - {localId: 26}
    layer: 0
  - __class: Entity
    name: mixamorig_Neck
    guid: {a: 4955406262801977990, b: 3293854054750251931}
    scene: {localId: 1}
    selfvisible: true
    components:
      - {localId: 27}
    layer: 0
  - __class: Entity
    name: mixamorig_Head
    guid: {a: 4652485641737692490, b: 10660445364193560492}
    scene: {localId: 1}
    selfvisible: true
    components:
      - {localId: 28}
    layer: 0
  - __class: Entity
    name: mixamorig_HeadTop_End
    guid: {a: 5658700419864214013, b: 140008572667387531}
    scene: {localId: 1}
    selfvisible: true
    components:
      - {localId: 29}
    layer: 0
  - __class: Entity
    name: mixamorig_LeftShoulder
    guid: {a: 5667817152908483656, b: 12110085235606673553}
    scene: {localId: 1}
    selfvisible: true
    components:
      - {localId: 30}
    layer: 0
  - __class: Entity
    name: mixamorig_LeftArm
    guid: {a: 4842577456571432049, b: 12687915728288442035}
    scene: {localId: 1}
    selfvisible: true
    components:
      - {localId: 31}
    layer: 0
  - __class: Entity
    name: mixamorig_LeftForeArm
    guid: {a: 4879965825288969328, b: 16421918067464874398}
    scene: {localId: 1}
    selfvisible: true
    components:
      - {localId: 32}
    layer: 0
  - __class: Entity
    name: mixamorig_LeftHand
    guid: {a: 5014543470631977787, b: 3174531999629524656}
    scene: {localId: 1}
    selfvisible: true
    components:
      - {localId: 33}
    layer: 0
  - __class: Entity
    name: mixamorig_LeftHandThumb1
    guid: {a: 4697818373400073360, b: 5022558535982393740}
    scene: {localId: 1}
    selfvisible: true
    components:
      - {localId: 34}
    layer: 0
  - __class: Entity
    name: mixamorig_LeftHandThumb2
    guid: {a: 5437077166617939788, b: 7156082880601022857}
    scene: {localId: 1}
    selfvisible: true
    components:
      - {localId: 35}
    layer: 0
  - __class: Entity
    name: mixamorig_LeftHandThumb3
    guid: {a: 4995936715895971994, b: 8856231911694166408}
    scene: {localId: 1}
    selfvisible: true
    components:
      - {localId: 36}
    layer: 0
  - __class: Entity
    name: mixamorig_LeftHandThumb4
    guid: {a: 4657028084190060707, b: 6596756675935842984}
    scene: {localId: 1}
    selfvisible: true
    components:
      - {localId: 37}
    layer: 0
  - __class: Entity
    name: mixamorig_LeftHandIndex1
    guid: {a: 4715151204852378330, b: 6339174663128275330}
    scene: {localId: 1}
    selfvisible: true
    components:
      - {localId: 38}
    layer: 0
  - __class: Entity
    name: mixamorig_LeftHandIndex2
    guid: {a: 5614835436398872621, b: 12202409647848342149}
    scene: {localId: 1}
    selfvisible: true
    components:
      - {localId: 39}
    layer: 0
  - __class: Entity
    name: mixamorig_LeftHandIndex3
    guid: {a: 4860709445971030548, b: 1621938234662539676}
    scene: {localId: 1}
    selfvisible: true
    components:
      - {localId: 40}
    layer: 0
  - __class: Entity
    name: mixamorig_LeftHandIndex4
    guid: {a: 5292847242959539457, b: 4508453645771205551}
    scene: {localId: 1}
    selfvisible: true
    components:
      - {localId: 41}
    layer: 0
  - __class: Entity
    name: mixamorig_LeftHandMiddle1
    guid: {a: 5273195580088558323, b: 16758973151927467922}
    scene: {localId: 1}
    selfvisible: true
    components:
      - {localId: 42}
    layer: 0
  - __class: Entity
    name: mixamorig_LeftHandMiddle2
    guid: {a: 5167808622563317036, b: 5953917336992249499}
    scene: {localId: 1}
    selfvisible: true
    components:
      - {localId: 43}
    layer: 0
  - __class: Entity
    name: mixamorig_LeftHandMiddle3
    guid: {a: 5277303450245103775, b: 13573334575416624815}
    scene: {localId: 1}
    selfvisible: true
    components:
      - {localId: 44}
    layer: 0
  - __class: Entity
    name: mixamorig_LeftHandMiddle4
    guid: {a: 5494225874090322574, b: 5803596766402854056}
    scene: {localId: 1}
    selfvisible: true
    components:
      - {localId: 45}
    layer: 0
  - __class: Entity
    name: mixamorig_LeftHandRing1
    guid: {a: 5524915933798806241, b: 8169053715259355812}
    scene: {localId: 1}
    selfvisible: true
    components:
      - {localId: 46}
    layer: 0
  - __class: Entity
    name: mixamorig_LeftHandRing2
    guid: {a: 4688537228868190023, b: 1231594548277980570}
    scene: {localId: 1}
    selfvisible: true
    components:
      - {localId: 47}
    layer: 0
  - __class: Entity
    name: mixamorig_LeftHandRing3
    guid: {a: 5407242501905051024, b: 16546651736494767745}
    scene: {localId: 1}
    selfvisible: true
    components:
      - {localId: 48}
    layer: 0
  - __class: Entity
    name: mixamorig_LeftHandRing4
    guid: {a: 5281403112169654650, b: 6351307707794583974}
    scene: {localId: 1}
    selfvisible: true
    components:
      - {localId: 49}
    layer: 0
  - __class: Entity
    name: mixamorig_RightShoulder
    guid: {a: 4787101124812591921, b: 17824516925235806905}
    scene: {localId: 1}
    selfvisible: true
    components:
      - {localId: 50}
    layer: 0
  - __class: Entity
    name: mixamorig_RightArm
    guid: {a: 5374860018082651669, b: 1950717114115609501}
    scene: {localId: 1}
    selfvisible: true
    components:
      - {localId: 51}
    layer: 0
  - __class: Entity
    name: mixamorig_RightForeArm
    guid: {a: 5252059939419341189, b: 16047652198849337006}
    scene: {localId: 1}
    selfvisible: true
    components:
      - {localId: 52}
    layer: 0
  - __class: Entity
    name: mixamorig_RightHand
    guid: {a: 5618686793394560108, b: 18320089723608602805}
    scene: {localId: 1}
    selfvisible: true
    components:
      - {localId: 53}
